4

17
7500
1	5.55112e-017	0	-1.45519e-011	
0	1	-5.55112e-017	0	
5.55112e-017	0	1	2.91038e-011	

6
7500
0.970779	-0.200592	0.131725	-62618.3	
0.239811	0.831241	-0.501526	-80277.8	
-0.00889307	0.51846	0.855055	5635.94	

16
7500
0.830314	-0.474405	0.292436	-11260.9	
0.557225	0.698335	-0.449254	-68311.4	
0.00891058	0.535974	0.844187	7128.4	

7
7500
0.991243	-0.118291	0.0586895	43793.3	
0.131621	0.849265	-0.511297	-60376.2	
0.010639	0.514544	0.857398	8593.58	

